00000005554872
00000005410000
00000005486497
00000005547851
00000005552150
00000005576106
00000005571066
00000005478525
00000005568955
00000005491449
00000005554486
00000005566753
00000005560228
00000005567992
00000005567776
00000005548010
00000005564159
00000005592234
00000005550098
00000005571009
00000005568207
00000005576281
00000005548430
00000005576224
00000005559119
00000005548027
00000005506517
00000005568211
00000005549872
00000005591455
00000005582883
00000005564502
00000005553393
00000005592168
00000005564612
00000005563316
00000005561115
00000005504626
00000005571095
00000005552916
00000005544067
00000005559613
00000005565388
00000005507152
00000005566927
00000005557461
00000005561095
00000005559588
00000005547049
00000005549828
00000005566403
00000005546542
00000005575173
00000005572947
00000005575762
00000005484899
00000005547688
00000005548463
00000005574735
00000005463939
00000005549644
00000005548407
00000005543086
00000005504594
00000005575618
00000005576691
00000005576949
00000005562756
00000005546458
00000005590703
00000005574908
00000005554284
00000005559727
00000005566912
00000005557879
00000005545513
00000005545800
00000005455680
00000005571803
00000005564699
00000005547436
00000005568037
00000005547378
00000005575356
00000005484682
00000005576335
00000005571569
00000005575482
00000005574906
00000005498604
00000005576324
00000005558877
00000005590479
00000005547677
00000005554502
00000005572724
00000005547009
00000005568734
00000005542260
00000005582521
00000005568067
00000005546752
00000005451799
00000005567323
00000005559132
00000005571437
00000005550745
00000005568115
00000005590678
00000005552346
00000005574993
00000005547921
00000005582678
00000005564525
00000005563936
00000005549697
00000005572891
00000005558220
00000005486275
00000005543300
00000005568300
00000005547356
00000005563569
00000005473508
00000005468857
00000005495786
00000005562574
00000005550145
00000000556608
00000005578714
00000005552789
00000005574884
00000005568889
00000005571123
00000005491010
00000005547889
00000005549466
00000005548927
00000005547273
00000005563438
00000005470362
00000005563237
00000005547383
00000005587648
00000005591474
00000005548057
00000005582509
00000005547335
00000005559194
00000005553018
00000005491480
00000005561921
00000005557915
00000005578916
00000005554274
00000005546284
00000005548042
00000005542390
00000005550632
00000005542365
00000005570140
00000005477832
00000005564982
00000005578574
00000005545890
00000005545525
00000005562533
00000005559700
00000005592131
00000005506116
00000005543433
00000005576161
00000005550784
00000005578306
00000005572469
00000005595052
00000005587174
00000005578333
00000005369421
00000005544885
00000005575156
00000005559315
00000005547265
00000005578061
00000005562302
00000005563963
00000005571221
00000005587364
00000005592074
00000005550813
00000005506650
00000005552383
00000005542956
00000005563235
00000005571143
00000005568395
00000005574817
00000005553144
00000005548882
